187.0348565675846 2.736
359.11846631755037 8.444
527.8105378004018 15.142
701.6583054494309 20.184
870.5841865042931 24.036
1042.4425151221408 28.276
1204.095829839259 30.774
1341.852901012973 31.154
1484.899087649194 32.608
1611.8824614306038 35.374
1749.701624512863 38.374
1891.0508294691251 39.782
2038.4801777251705 39.356
2191.668618074223 38.426
2330.6056828860387 38.886
2464.2771655987235 41.518
2610.7828583475007 43.994
2742.034669690229 41.714
2903.17688261716 44.31
3046.5784581756175 44.962
3175.1386535362485 43.626
3332.9926160180726 47.322