605.6132993127209 1.726
1223.0886068057976 4.72
1846.7019668949185 6.986
2476.0074466767833 10.346
3099.4806695451393 13.312
3894.898152388261 13.814
4686.0068077457 18.094
5478.400464751272 20.108
6264.621093434915 19.596
7050.5915846703365 21.792
7839.045200847735 25.376
8628.818234313743 26.546
9323.149038362804 28.162
9932.855442025895 28.356
10558.418505046002 30.512
11178.389969885244 31.912
11787.085210935667 32.492
12395.399869968745 31.342
13020.610602377044 31.64
13635.701603962196 35.72
14262.933186250495 37.022
14878.4617295488 37.584
15491.471693046702 37.154
16113.968864469232 39.922
16738.314876578203 39.536
17364.197403851344 38.218
17982.672494499242 40.794
18601.488911166365 40.654
19221.178614034015 41.648
19844.01991308852 41.124
20466.172736425386 42.108
21084.786255548956 42.91
21697.05938232812 42.436
22319.008418627393 43.652
22934.897536845627 43.852
23553.827732508675 44.782
24172.020209685637 44.14
24789.003714168382 45.266