529.727822400759 14.176
1054.7320078704286 28.204
1491.1372622681965 34.308
1923.7309978565768 36.28
2370.57703962714 46.676
2788.364190483624 49.126
3222.864395960296 54.848
3635.2018401862974 56.404
4078.194110057547 60.874
4504.8685488151295 61.6
4951.082697692152 62.186
5380.265788759894 62.196
5826.841976328159 61.802
6242.303075790805 62.37
6681.792752512379 58.69
7103.492588053275 57.844
7541.889569109783 52.434
7971.741558121036 50.792
8402.127734452617 42.342
8816.767758825667 41.032
9251.164048473584 43.698
9673.555361309687 44.982
10115.366820083977 48.052
10531.675633611301 49.9
10947.245704227145 50.904
11397.333152071069 55.47
11822.306373883212 58.426
12271.57202400653 63.176
12686.1897032613 64.71
13117.152814962557 69.13
13529.22336772292 69.326
13962.906276250336 70.116