575.8294363668294 1.866
1148.3091702976456 4.342
1715.033102188671 7.014
2308.5714286234625 9.554
2883.451493317509 12.332
3457.9710701534946 14.358
4040.6469322495523 15.436
4613.674955804964 19.094
5187.204661662041 20.89
5763.211916644157 21.734
6347.536179294761 22.152
6922.689557247808 25.484
7501.710454167841 26.194
8074.627761722819 26.598
8642.482447850083 29.198
9224.644718709982 29.894
9797.666219273362 27.942
10377.523012323174 30.816
10954.040762861106 32.686
11520.115994409864 34.046
12092.243366061259 33.656
12674.257359633413 35.292
13245.002582293333 37.018
13833.079199200518 36.826
14408.497875578574 36.302
14970.775404597547 37.37
15540.967011607274 37.694
16116.801551671702 39.74
16695.70997829862 37.64
17271.263196987362 40.22
17844.022231593517 40.848
18423.364766465624 39.19
18994.584279220515 41.382
19564.60658834329 40.816
20138.667493620265 43.182
20708.383947877333 42.796
21265.168917434818 42.348
21830.0016143447 43.45
22403.31232602263 44.118
22979.474808484803 43.892
23549.278303351683 45.3