831.6058166543451 4.144
1668.5960049226298 9.152
2502.6118426546177 14.55
3359.7411971786573 18.712
4213.016814858985 21.94
5073.738103811908 25.576
5912.73213002955 27.156
6742.562621000435 30.232
7570.457957564526 32.046
8406.078463092868 33.566
9246.565317406792 34.294
10094.81416268066 35.738
10933.659318222817 37.324
11773.57441130099 39.212
12641.813366048711 39.62
13484.177257225292 41.136
14329.71467070993 40.502
15171.72985401565 42.674
16014.902090264 43.302
16876.621003565713 44.496
17706.93549642015 44.842
18556.19540625395 45.2